Dense
2 16
0.336875,0.772593,1.027186,0.524186,0.685267,0.057906,0.899383,0.946686,0.424765,0.237429,0.080346,0.273632,0.801617,0.189505,0.670069,0.214896
0.306653,0.698188,0.788265,1.018893,0.813120,0.981836,0.514078,0.255814,0.599571,0.412745,0.305083,0.286735,0.561911,0.600348,0.530377,0.630445
 
0.232661,0.938735,-0.276541,0.456037,-0.239634,0.635879,-0.296553,0.251168,-0.158720,0.164522,0.644421,0.795666,0.645447,0.596434,-0.067890,0.971710
 
Sigmoid
 
Dense
16 8
0.916710,0.888438,0.558201,0.143939,0.921952,0.541369,0.900643,0.781640
0.438879,0.198188,-0.111590,0.571401,0.382334,0.357392,0.620658,0.666073
0.001291,0.959152,1.092426,0.592508,0.621983,0.882957,0.849325,0.810688
0.963111,0.320700,0.887731,0.670696,0.410775,0.586734,0.215289,0.361787
0.872807,0.407940,1.362716,0.729838,0.380553,0.642889,0.984677,0.207256
0.303872,0.519715,0.184551,0.211006,0.758923,0.671428,0.249344,0.445013
0.970794,0.462660,1.292940,0.635096,0.238220,0.766775,0.775749,0.278440
0.630607,0.414261,0.743510,0.348814,0.309426,0.819532,0.900385,0.918860
0.285365,0.426886,0.844388,0.019998,0.238070,0.784089,0.894458,0.904866
0.154618,0.392095,0.357408,0.680767,0.671376,0.604818,0.297913,0.851167
0.813368,0.477903,0.299313,0.305444,0.684323,0.843984,0.637686,0.759277
0.342222,0.209408,0.111970,0.941488,0.081455,-0.009349,0.431278,0.321944
0.119465,0.797603,0.530147,0.716624,0.556816,0.839554,0.364287,0.416188
0.483857,0.648080,-0.030705,0.064612,0.609857,0.102210,0.823653,0.284851
0.277901,0.792522,0.724733,0.724988,0.590284,0.875434,0.236503,0.723776
0.948081,0.251550,0.010763,0.512939,0.373145,0.431755,0.681123,0.141381
 
0.179223,0.426514,-0.111034,0.392009,0.450477,0.468744,0.879878,0.651352
 
Sigmoid
 
Dense
8 1
-0.187532
-0.226203
0.853527
-0.301616
-0.211147
0.234701
0.573072
-0.054459
 
0.144170
 
Sigmoid
 
